c 2010 network
c 5/23/2013 build
t turns init
a 36919 36928 37388 0 0 0 0 
a 36928 36919 37388 0 0 0 0 
a 36945 36939 36383 0 0 0 0 
a 20363 20437 20463 0 0 0 0 
a 50437 50438 50899 0 0 0 0 
a 50438 50437 50297 0 0 0 0 
a 50455 50452 49957 0 0 0 0 
a 124934 124822 124208 0 0 0 0 
a 124818 124822 125015 0 0 0 0 
a 138213 138218 138316 0 0 0 0 
a 138218 138213 138081 0 0 0 0 
a 151499 151571 151769 0 0 0 0 
a 151737 151571 151769 0 0 0 0 
a 157040 157038 156419 0 0 0 0 
a 183923 183933 76748 0 0 0 0 
a 77236 77400 184058 0 0 0 0 
a 47150 47216 47057 0 0 0 0 
a 184017 184016 184012 0 0 0 0 
a 184016 184017 184137 0 0 0 0 
a 80279 183925 79293 0 0 0 0 
a 183925 80563 184013 0 0 0 0 
a 69153 69152 68645 0 0 0 0 
a 69152 69153 69237 0 0 0 0 
a 69148 69146 69092 0 0 0 0 
a 47216 47150 47359 0 0 0 0 
a 47503 47575 47361 0 0 0 0 
a 47575 47503 47622 0 0 0 0 
a 77400 77236 183904 0 0 0 0 
a 88545 88607 88626 0 0 0 0 
a 96716 96280 96611 0 0 0 0 
a 96611 96280 96716 0 0 0 0 
a 142307 184972 184287 0 0 0 0 
a 142312 184972 184289 0 0 0 0 
a 174410 174518 174385 0 0 0 0 
a 174259 174141 174255 0 0 0 0 
a 174141 174259 174437 0 0 0 0 
a 174518 174410 174179 0 0 0 0 
a 184135 184127 184128 0 0 0 0 
a 184123 184127 184136 0 0 0 0 
a 69146 69148 69596 0 0 0 0 
a 78099 184059 77633 0 0 0 0 
a 157045 157015 157707 0 0 0 0 
a 124943 125766 124934 0 0 0 0 
a 154474 153961 154420 0 0 0 0 
a 154374 154886 154402 0 0 0 0 
a 157038 157672 185135 0 0 0 0 
a 174518 174491 174410 0 0 0 0 
a 174141 174138 174259 0 0 0 0 
a 50455 50638 50452 0 0 0 0 
a 69153 69605 69152 0 0 0 0 
a 69146 68473 69148 0 0 0 0 
a 99589 99803 99453 0 0 0 0 
a 83958 83953 184238 0 0 0 0 
a 83953 83958 184835 0 0 0 0 
a 184243 83939 83808 0 0 0 0 
a 83932 184241 83939 0 0 0 0 
a 83953 184237 83958 0 0 0 0 
a 83939 184245 83932 0 0 0 0 
a 74980 75016 74986 0 0 0 0 
a 74847 74680 74785 0 0 0 0 
a 74567 74596 74661 0 0 0 0 
a 74567 74634 74661 0 0 0 0 
a 76908 76906 76439 0 0 0 0 
a 74980 74988 74986 0 0 0 0 
a 74986 75021 75088 0 0 0 0 
a 74661 74680 74654 0 0 0 0 
a 184038 78327 184046 0 0 0 0 
a 78327 184038 184046 0 0 0 0 
a 131167 131986 130346 0 0 0 0 
a 131152 130332 131657 0 0 0 0 
a 105631 105491 105803 0 0 0 0 
a 105631 105546 105420 0 0 0 0 
a 105308 105307 105168 0 0 0 0 
a 174410 174361 174518 0 0 0 0 
a 111709 111832 184914 0 0 0 0 
a 21715 21705 184559 0 0 0 0 
a 21492 198062 184559 0 0 0 0 
a 151920 151633 184831 0 0 0 0 
a 92772 92768 92659 0 0 0 0 
a 33029 32998 186084 0 0 0 0 
a 33253 33196 184566 0 0 0 0 
a 166510 166783 166618 0 0 0 0 
a 165148 165216 184612 0 0 0 0 
a 74968 74658 74847 0 0 0 0 
a 74661 74654 74567 0 0 0 0 
a 63017 185740 62846 0 0 0 0 
a 63017 184950 63216 0 0 0 0 
a 63031 184951 62675 0 0 0 0 
a 63031 185741 63350 0 0 0 0 
a 83958 184249 83953 0 0 0 0 
a 21715 21735 184559 0 0 0 0 
a 108897 108848 108796 0 0 0 0 
a 63181 63161 63100 0 0 0 0 
a 63161 63181 63253 0 0 0 0 
a 63018 62975 198249 0 0 0 0 
a 176366 176337 176246 0 0 0 0 
a 118519 118504 117633 0 0 0 0 
a 184562 184946 117633 0 0 0 0 
a 186054 186051 186029 0 0 0 0 
a 186029 186051 186054 0 0 0 0 
a 186028 186027 186050 0 0 0 0 
a 186048 186027 186050 0 0 0 0 
a 186054 186029 186053 0 0 0 0 
a 43497 186029 186053 0 0 0 0 
a 99610 99705 99727 0 0 0 0 
a 83932 83939 184250 0 0 0 0 
a 154263 154164 154462 0 0 0 0 
a 99945 99705 186914 0 0 0 0 
a 184851 50449 50605 0 0 0 0 
a 89417 89155 184191 0 0 0 0 
a 183822 36934 183823 0 0 0 0 
a 185135 157038 198197 0 0 0 0 
a 157015 157045 198194 0 0 0 0 
a 88088 87855 87577 0 0 0 0 
a 81015 184645 184985 0 0 0 0 
a 184342 184343 184427 0 0 0 0 
a 81530 81523 81538 0 0 0 0 
a 81530 81538 81523 0 0 0 0 
a 81324 81318 81328 0 0 0 0 
a 81324 81328 81318 0 0 0 0 
a 88088 87582 87577 0 0 0 0 
a 102462 102425 198334 0 0 0 0
a 103306 198336 104404  0 0 0 0
a 22497 198467 22555  0 0 0 0
a 27031 184330 198470 0 0 0 0
a 183746 198474 183747  0 0 0 0
a 70645 71588 198507 0 0 0 0
a 198507 198692 198508 0 0 0 0
a 70434 198508 69605  0 0 0 0
a 80370 80423 198511 0 0 0 0
a 80459 198512 184645  0 0 0 0
a 49469 49701 198518 0 0 0 0
a 183524 198519 183525  0 0 0 0
a 183524 198519 48870  0 0 0 0
a 80563 198525 183925  0 0 0 0
a 95079 95512 198528 0 0 0 0
a 184473 198529 184258  0 0 0 0
a 147601 198531 148194  0 0 0 0
a 114587 198535 114912  0 0 0 0
a 114675 115006 198536 0 0 0 0
a 114675 114828 198536 0 0 0 0
a 108291 199060 108686  0 0 0 0
a 107572 107517 198714 0 0 0 0
a 107480 198910 107517  0 0 0 0
a 54330 54252 198359 0 0 0 0
a 45470 46211 198485 0 0 0 0
a 198485 198484 198588 0 0 0 0
a 43681 198588 43505  0 0 0 0
a 43681 198588 184396  0 0 0 0
a 46750 198591 46211  0 0 0 0
a 46778 46190 198445 0 0 0 0
a 198445 198444 198592 0 0 0 0
a 183527 198592 183526  0 0 0 0
a 26627 184825 198471 0 0 0 0
a 124208 124934 198541 0 0 0 0
a 185045 108727 198673 0 0 0 0
a 64740 64208 198436 0 0 0 0
a 198436 198435 198727 0 0 0 0
a 67996 198727 68473  0 0 0 0
a 114663 198559 115202  0 0 0 0
a 198559 198535 198929  0 0 0 0
a 132590 198653 132046  0 0 0 0
a 186137 198693 186139  0 0 0 0
a 186138 186139 198694 0 0 0 0
a 31159 31333 198680 0 0 0 0
a 29730 198699 185685  0 0 0 0
a 40131 39762 198703 0 0 0 0
a 184627 184523 198650 0 0 0 0
a 87590 198712 184255  0 0 0 0
a 80358 183983 198514 0 0 0 0
a 143933 143301 199041 0 0 0 0
a 151823 152005 198976 0 0 0 0
a 151783 199121 151571  0 0 0 0
a 109142 108619 198443 0 0 0 0
a 198443 198442 198911 0 0 0 0
a 184264 198911 184564  0 0 0 0
a 31514 198679 31333  0 0 0 0
a 21740 21370 198770 0 0 0 0
a 105522 105818 198527 0 0 0 0
a 198527 198526 198782 0 0 0 0
a 103725 198782 103092  0 0 0 0
a 184394 41828 198587 0 0 0 0
a 198587 198586 198689 0 0 0 0
a 111832 198921 111709  0 0 0 0
a 100610 198924 100265  0 0 0 0
a 183714 198928 183715  0 0 0 0
a 116266 198931 115798  0 0 0 0
a 115709 198932 115437  0 0 0 0
a 108904 198672 108727  0 0 0 0
a 109421 108686 198671 0 0 0 0
a 198671 198670 198912 0 0 0 0
a 71272 198730 186143  0 0 0 0
a 183823 183822 198776 0 0 0 0
a 198776 198700 198800 0 0 0 0
a 183866 198800 183867  0 0 0 0
a 152461 152382 198349 0 0 0 0
a 152463 198980 152378  0 0 0 0
a 101536 101341 198687 0 0 0 0
a 198687 198686 198333 0 0 0 0
a 102222 198333 102293  0 0 0 0
a 83919 83485 198878 0 0 0 0
a 84695 198997 84930  0 0 0 0
a 93710 93749 198447 0 0 0 0
a 198447 198446 198894 0 0 0 0
a 102228 102362 198332 0 0 0 0
a 101539 198906 100802  0 0 0 0
a 198906 198332 198505  0 0 0 0
a 107078 198909 107541  0 0 0 0
a 59143 58403 198321 0 0 0 0
a 89688 198328 89069  0 0 0 0
a 94628 94213 198329 0 0 0 0
a 102733 102786 198335 0 0 0 0
a 102460 198331 102362  0 0 0 0
a 148135 148181 198343 0 0 0 0
a 148088 198341 147907  0 0 0 0
a 151061 198345 151440  0 0 0 0
a 151138 198347 150566  0 0 0 0
a 49717 49042 198350 0 0 0 0
a 198350 199151 198351 0 0 0 0
a 49902 198351 50434  0 0 0 0
a 40066 39680 198352 0 0 0 0
a 37388 36919 198356 0 0 0 0
a 198356 198437 198357 0 0 0 0
a 37388 36928 198356 0 0 0 0
a 198356 198678 198357 0 0 0 0
a 39415 198357 40252  0 0 0 0
a 59228 198362 58555  0 0 0 0
a 98737 198998 99444  0 0 0 0
a 148119 148194 198652 0 0 0 0
a 148622 199007 148995  0 0 0 0
a 40399 39680 198487 0 0 0 0
a 198487 198486 199017 0 0 0 0
a 41458 199017 41836  0 0 0 0
a 41458 199017 41831  0 0 0 0
a 47082 198354 47575  0 0 0 0
a 183832 198422 183867  0 0 0 0
a 62522 63100 198427 0 0 0 0
a 183635 198428 183634  0 0 0 0
a 97133 198430 98628  0 0 0 0
a 128071 127493 198542 0 0 0 0
a 131619 198543 132038  0 0 0 0
a 185691 199031 185689  0 0 0 0
a 91976 184248 198655 0 0 0 0
a 115037 115437 198930 0 0 0 0
a 63693 198249 198790 0 0 0 0
a 198790 198789 198436 0 0 0 0
a 60943 60387 198434 0 0 0 0
a 198434 198433 198995 0 0 0 0
a 62182 198995 62663  0 0 0 0
a 28018 184334 199001 0 0 0 0
a 185686 198799 185685  0 0 0 0
a 138316 138213 198659 0 0 0 0
a 183641 199051 183642  0 0 0 0
a 185687 185685 198797 0 0 0 0
a 185014 199055 184335  0 0 0 0
a 116348 198557 116011  0 0 0 0
a 117746 198538 117860  0 0 0 0
a 131272 132046 198560 0 0 0 0
a 128055 198561 127502  0 0 0 0
a 152474 152503 198568 0 0 0 0
a 152477 198569 152537  0 0 0 0
a 77407 184058 198572 0 0 0 0
a 184069 198573 184064  0 0 0 0
a 183904 77400 198574 0 0 0 0
a 198574 199156 198572 0 0 0 0
a 77998 78070 198575 0 0 0 0
a 80559 184012 198576 0 0 0 0
a 50297 50438 198481 0 0 0 0
a 111589 198635 111729  0 0 0 0
a 95168 199073 95199  0 0 0 0
a 184826 42176 198582 0 0 0 0
a 184395 184396 198584 0 0 0 0
a 184827 198585 42176  0 0 0 0
a 184397 184396 198589 0 0 0 0
a 45700 198590 46190  0 0 0 0
a 99184 99763 198595 0 0 0 0
a 184947 104671 198603 0 0 0 0
a 184271 198607 198299  0 0 0 0
a 118632 198610 118201  0 0 0 0
a 145214 198616 186290  0 0 0 0
a 87670 198710 186613  0 0 0 0
a 186149 183642 198716 0 0 0 0
a 183804 114402 199012 0 0 0 0
a 114358 199077 114425  0 0 0 0
a 115246 115327 199045 0 0 0 0
a 115022 199071 115128  0 0 0 0
a 121204 199084 121032  0 0 0 0
a 47622 47575 199069 0 0 0 0
a 52019 199066 52329  0 0 0 0
a 22496 185680 198617 0 0 0 0
a 22029 198618 21838  0 0 0 0
a 57783 198620 58319  0 0 0 0
a 183711 198632 114199  0 0 0 0
a 106026 105812 198633 0 0 0 0
a 108032 198634 108451  0 0 0 0
a 99727 99610 198640 0 0 0 0
a 198640 198725 198641 0 0 0 0
a 96448 198641 95977  0 0 0 0
a 184475 92227 198644 0 0 0 0
a 94516 198645 95342  0 0 0 0
a 100165 99300 199026 0 0 0 0
a 114041 198927 183710  0 0 0 0
a 63719 198451 63257  0 0 0 0
a 54055 54462 198836 0 0 0 0
a 198836 199149 198830 0 0 0 0
a 187217 198858 187218  0 0 0 0
a 62463 62675 198516 0 0 0 0
a 112091 111446 198920 0 0 0 0
a 31507 31326 198682 0 0 0 0
a 47662 199137 47626  0 0 0 0
a 58936 186147 199057 0 0 0 0
a 58907 199112 186146  0 0 0 0
a 121845 184276 198944 0 0 0 0
a 63253 63161 198452 0 0 0 0
a 89135 199174 184299  0 0 0 0
a 89500 89037 199175 0 0 0 0
a 114369 198302 198656 0 0 0 0
a 119700 198663 119352  0 0 0 0
a 85583 198667 86034  0 0 0 0
a 47359 47216 198439 0 0 0 0
a 198439 198438 198818 0 0 0 0
a 100886 199180 100083  0 0 0 0
a 80202 198767 184013  0 0 0 0
a 90173 186613 198711 0 0 0 0
a 111326 111671 198947 0 0 0 0
a 184352 184536 199107 0 0 0 0
a 95974 198642 96280  0 0 0 0
a 147812 147907 199185 0 0 0 0
a 41430 41855 198583 0 0 0 0
a 40480 198488 40285  0 0 0 0
a 112626 111459 198919 0 0 0 0
a 198919 198918 198534 0 0 0 0
a 114243 198534 114655  0 0 0 0
a 114522 114768 198537 0 0 0 0
a 198537 199214 198922 0 0 0 0
a 112686 198922 111593  0 0 0 0
a 124168 199050 124487  0 0 0 0
a 22006 21834 198777 0 0 0 0
a 137586 198715 138198  0 0 0 0
a 111824 111683 198441 0 0 0 0
a 198441 198440 198425 0 0 0 0
a 140676 141267 199011 0 0 0 0
a 132616 132038 199072 0 0 0 0
a 184349 184540 198665 0 0 0 0
a 198665 199155 199054 0 0 0 0
a 184505 199042 184205  0 0 0 0
a 95363 93462 198330 0 0 0 0
a 184469 143328 198970 0 0 0 0
a 39796 40267 198811 0 0 0 0
a 43553 42944 198689 0 0 0 0
a 198689 198718 198589 0 0 0 0
a 37540 198468 183822  0 0 0 0
a 198468 199148 198700  0 0 0 0
a 37540 198468 36945  0 0 0 0
a 198468 199148 198469  0 0 0 0
a 92417 199106 184354  0 0 0 0
a 52723 52329 199067 0 0 0 0
a 199067 199170 198988 0 0 0 0
a 53641 198988 54244  0 0 0 0
a 36366 198421 36919  0 0 0 0
a 118035 117860 198539 0 0 0 0
a 91725 184233 199049 0 0 0 0
a 184458 199046 92272  0 0 0 0
a 92326 92681 199108 0 0 0 0
a 131657 131152 199105 0 0 0 0
a 92109 92272 199033 0 0 0 0
a 199033 199032 198721 0 0 0 0
a 184872 198721 184870  0 0 0 0
a 184077 184143 199023 0 0 0 0
a 199023 199022 199227 0 0 0 0
a 185826 199227 185827  0 0 0 0
a 101536 198687 102222  0 0 0 0
a 198687 198686 198333  0 0 0 0
a 184253 184254 198697 0 0 0 0
a 198697 199164 198698 0 0 0 0
a 85887 198698 85453  0 0 0 0
a 186494 114355 198706 0 0 0 0
a 85771 85522 198708 0 0 0 0
a 86593 198709 86970  0 0 0 0
a 87670 86970 198710 0 0 0 0
a 198710 199252 198711 0 0 0 0
a 90173 198711 91077  0 0 0 0
a 198711 198710 199154  0 0 0 0
a 70353 69596 198728 0 0 0 0
a 71089 198729 71602  0 0 0 0
a 186906 186909 198733 0 0 0 0
a 185683 186907 198735 0 0 0 0
a 103654 103192 198992 0 0 0 0
a 198992 199215 198937 0 0 0 0
a 105525 198937 105812  0 0 0 0
a 98432 97982 199070 0 0 0 0
a 102685 198991 103192  0 0 0 0
a 152440 152378 199058 0 0 0 0
a 185054 198979 152503  0 0 0 0
a 100613 100212 198926 0 0 0 0
a 111274 198916 111483  0 0 0 0
a 62381 199242 62882  0 0 0 0
a 40308 40252 198353 0 0 0 0
a 54891 54744 199221 0 0 0 0
a 72618 72163 198732 0 0 0 0
a 198732 198731 199095 0 0 0 0
a 184140 199095 184029  0 0 0 0
a 84829 198882 184591  0 0 0 0
a 23080 198737 22801  0 0 0 0
a 68244 68645 198739 0 0 0 0
a 64668 198740 64220  0 0 0 0
a 117747 118201 198741 0 0 0 0
a 183924 184146 198755 0 0 0 0
a 78961 198756 184393  0 0 0 0
a 79293 80279 198759 0 0 0 0
a 198759 199140 198760 0 0 0 0
a 184144 198760 184149  0 0 0 0
a 114926 114982 198951 0 0 0 0
a 184142 80037 199030 0 0 0 0
a 72623 198862 72200  0 0 0 0
a 186292 185701 199235 0 0 0 0
a 91716 91489 199039 0 0 0 0
a 184208 198654 184247  0 0 0 0
a 91963 184209 199043 0 0 0 0
a 91843 199213 184528  0 0 0 0
a 91504 199113 92018  0 0 0 0
a 183927 186456 199116 0 0 0 0
a 82617 199002 184244  0 0 0 0
a 184210 184252 199044 0 0 0 0
a 186908 198736 186909  0 0 0 0
a 22723 199223 185681  0 0 0 0
a 22709 22639 199224 0 0 0 0
a 36383 36945 198771 0 0 0 0
a 198771 198469 198772 0 0 0 0
a 56819 198774 56987  0 0 0 0
a 29742 185685 198775 0 0 0 0
a 31128 198681 31326  0 0 0 0
a 56679 56762 198778 0 0 0 0
a 54880 198630 54610  0 0 0 0
a 184263 108653 198779 0 0 0 0
a 198779 199100 198780 0 0 0 0
a 106025 198780 105818  0 0 0 0
a 142792 143120 198781 0 0 0 0
a 138936 198658 138218  0 0 0 0
a 95852 95342 198783 0 0 0 0
a 97728 198784 97982  0 0 0 0
a 97531 98052 198785 0 0 0 0
a 198785 199144 198786 0 0 0 0
a 95823 198786 95512  0 0 0 0
a 47057 47150 198818 0 0 0 0
a 198818 199152 198819 0 0 0 0
a 52010 187220 198828 0 0 0 0
a 51481 198684 50998  0 0 0 0
a 54872 198835 54462  0 0 0 0
a 60978 198856 60567  0 0 0 0
a 54773 54450 198861 0 0 0 0
a 198861 199150 198841 0 0 0 0
a 83422 184239 198892 0 0 0 0
a 198892 198449 198893 0 0 0 0
a 81571 198893 183937  0 0 0 0
a 185690 185689 198901 0 0 0 0
a 99331 198903 99169  0 0 0 0
a 198903 198902 199135  0 0 0 0
a 101539 102228 198906 0 0 0 0
a 198906 198332 198505 0 0 0 0
a 103035 103092 198907 0 0 0 0
a 98611 198908 98052  0 0 0 0
a 184267 198631 184268  0 0 0 0
a 115202 114663 198929 0 0 0 0
a 198929 198559 198930 0 0 0 0
a 118667 198936 118833  0 0 0 0
a 120787 120372 198939 0 0 0 0
a 122186 121847 198945 0 0 0 0
a 123454 198946 123644  0 0 0 0
a 114076 186492 198948 0 0 0 0
a 118939 119352 198952 0 0 0 0
a 120791 121032 198954 0 0 0 0
a 121652 198956 121847  0 0 0 0
a 130346 131167 198961 0 0 0 0
a 125766 198962 124943  0 0 0 0
a 138978 138673 198963 0 0 0 0
a 142726 198964 143285  0 0 0 0
a 143166 143303 198967 0 0 0 0
a 143398 198968 184721  0 0 0 0
a 136541 184282 198971 0 0 0 0
a 150272 150534 198972 0 0 0 0
a 149722 198973 148765  0 0 0 0
a 143108 198966 143314  0 0 0 0
a 139870 140989 198977 0 0 0 0
a 184280 198978 184281  0 0 0 0
a 151999 198346 151125  0 0 0 0
a 152494 152564 198981 0 0 0 0
a 152496 198982 152283  0 0 0 0
a 186289 186290 198983 0 0 0 0
a 140160 198984 139302  0 0 0 0
a 152100 151478 198985 0 0 0 0
a 50899 50437 198986 0 0 0 0
a 54192 198987 54450  0 0 0 0
a 54342 198989 54314  0 0 0 0
a 114936 115009 198993 0 0 0 0
a 186468 114167 198999 0 0 0 0
a 84048 199003 84776  0 0 0 0
a 84048 199003 185689  0 0 0 0
a 125216 124676 199005 0 0 0 0
a 130332 199006 131152  0 0 0 0
a 184274 115128 199013 0 0 0 0
a 95283 199015 94711  0 0 0 0
a 186044 183634 199018 0 0 0 0
a 57205 199019 56762  0 0 0 0
a 137561 183642 199020 0 0 0 0
a 137561 138081 199020 0 0 0 0
a 127116 127502 199024 0 0 0 0
a 124065 199025 123880  0 0 0 0
a 123553 123880 199040 0 0 0 0
a 184279 198943 184277  0 0 0 0
a 184203 199047 184202  0 0 0 0
a 186911 186912 199048 0 0 0 0
a 25996 199053 184332  0 0 0 0
a 184348 90942 199054 0 0 0 0
a 184348 92128 199054 0 0 0 0
a 91762 199038 184521  0 0 0 0
a 185692 185689 199056 0 0 0 0
a 125015 124818 199061 0 0 0 0
a 124634 198540 124818  0 0 0 0
a 185170 198664 92128  0 0 0 0
a 141822 199010 141027  0 0 0 0
a 20592 20463 199064 0 0 0 0
a 21107 198473 21202  0 0 0 0
a 95797 95977 199065 0 0 0 0
a 93004 199062 92805  0 0 0 0
a 47361 47503 198355 0 0 0 0
a 198355 199153 199069 0 0 0 0
a 114906 198949 114847  0 0 0 0
a 186043 183634 199080 0 0 0 0
a 109771 184265 199085 0 0 0 0
a 109033 199086 108762  0 0 0 0
a 57322 57157 199088 0 0 0 0
a 199088 198720 199089 0 0 0 0
a 183632 199089 183634  0 0 0 0
a 183647 199091 183642  0 0 0 0
a 123991 123644 199092 0 0 0 0
a 126970 199093 127493  0 0 0 0
a 114692 198299 199094 0 0 0 0
a 57486 57764 199098 0 0 0 0
a 184259 91969 199103 0 0 0 0
a 92417 92128 199106 0 0 0 0
a 94048 198895 94083  0 0 0 0
a 92215 198891 92929  0 0 0 0
a 80113 80114 199115 0 0 0 0
a 115027 114854 198950 0 0 0 0
a 114982 199087 114828  0 0 0 0
a 114982 199087 114926  0 0 0 0
a 115721 115631 198994 0 0 0 0
a 115721 115220 198994 0 0 0 0
a 149725 149020 199008 0 0 0 0
a 150366 198344 151112  0 0 0 0
a 111370 111754 198636 0 0 0 0
a 98664 99300 198596 0 0 0 0
a 21702 199109 183742  0 0 0 0
a 184350 199110 184351  0 0 0 0
a 184350 199110 92128  0 0 0 0
a 184394 198587 184396  0 0 0 0
a 92408 92544 199183 0 0 0 0
a 199183 199243 199184 0 0 0 0
a 184228 199184 184227  0 0 0 0
a 142215 142430 199188 0 0 0 0
a 140420 139609 199190 0 0 0 0
a 143999 198969 143237  0 0 0 0
a 131986 199083 131167  0 0 0 0
a 84315 84812 199225 0 0 0 0
a 199225 199238 199056 0 0 0 0
a 185805 184204 199226 0 0 0 0
a 119657 119228 199234 0 0 0 0
a 120117 199016 120372  0 0 0 0
a 151834 151920 199256 0 0 0 0
a 151858 198975 151878  0 0 0 0
a 143285 142726 199261 0 0 0 0
a 143276 198570 143236  0 0 0 0
a 198570 199261 198571  0 0 0 0
